0 99.2874 99.7229
1 99.2953 99.7229
2 99.2874 99.7229
3 99.2874 99.7229
4 99.2874 99.7229
5 99.3032 99.7229
6 99.2953 99.7229
7 99.2953 99.7150
8 99.3032 99.7150
9 99.3032 99.7150
10 99.3032 99.7150
11 99.3112 99.7150
12 99.3032 99.7070
13 99.3032 99.7070
14 99.3112 99.6991
15 99.3191 99.6991
16 99.3191 99.6991
17 99.3191 99.6991
18 99.3270 99.6991
19 99.3270 99.6912
20 99.3349 99.6912
21 99.3191 99.6912
22 99.3270 99.6912
23 99.3191 99.6912
24 99.3191 99.6833
25 99.3270 99.6833
26 99.3191 99.6833
27 99.3191 99.6912
28 99.3191 99.6912
29 99.3270 99.6912
30 99.3270 99.6912
31 99.3270 99.6912
32 99.3349 99.6912
33 99.3349 99.6912
34 99.3349 99.6833
35 99.3191 99.6833
36 99.3191 99.6833
37 99.3270 99.6833
38 99.3349 99.6833
39 99.3349 99.6833
40 99.3349 99.6833
41 99.3191 99.6912
42 99.3270 99.6912
43 99.3270 99.6912
44 99.3191 99.6754
45 99.3191 99.6754
46 99.3112 99.6754
47 99.3032 99.6675
48 99.3032 99.6754
49 99.2953 99.6754
50 99.3032 99.6754
51 99.3032 99.6754
52 99.3032 99.6912
53 99.3032 99.6912
54 99.3032 99.6912
55 99.3032 99.6675
56 99.3112 99.6675
57 99.3191 99.6675
58 99.3191 99.6675
59 99.3270 99.6754
60 99.3112 99.6675
61 99.3112 99.6754
62 99.3032 99.6675
63 99.2874 99.6675
64 99.2795 99.6675
65 99.2953 99.6675
66 99.3112 99.6675
67 99.3191 99.6675
68 99.3112 99.6675
69 99.3112 99.6675
70 99.3032 99.6675
71 99.3032 99.6437
72 99.3032 99.6437
73 99.3032 99.6437
74 99.3270 99.6437
75 99.3270 99.6437
76 99.3270 99.6437
77 99.3191 99.6437
78 99.3191 99.6437
79 99.3191 99.6437
80 99.3191 99.6437
81 99.3270 99.6437
82 99.3270 99.6437
83 99.3191 99.6437
84 99.3270 99.6437
85 99.3270 99.6437
86 99.3270 99.6437
87 99.3349 99.6437
88 99.3270 99.6437
89 99.3508 99.6437
90 99.3349 99.6516
91 99.3349 99.6516
92 99.3349 99.6516
93 99.3191 99.6516
94 99.3112 99.6516
95 99.3349 99.6516
96 99.3349 99.6595
97 99.3428 99.6675
98 99.3428 99.6516
99 99.3191 99.6516
100 99.3191 99.6516
101 99.3032 99.6595
102 99.3112 99.6516
103 99.3112 99.6437
104 99.3112 99.6437
105 99.3191 99.6437
106 99.3112 99.6437
107 99.3032 99.6437
108 99.3032 99.6358
109 99.3032 99.6358
110 99.3032 99.6358
111 99.3112 99.6358
112 99.3112 99.6358
113 99.3112 99.6358
114 99.3112 99.6358
115 99.3112 99.6358
116 99.3112 99.6358
117 99.3112 99.6358
118 99.3032 99.6358
119 99.3032 99.6358
120 99.3032 99.6358
121 99.3191 99.6358
122 99.3112 99.6358
123 99.3032 99.6358
124 99.3032 99.6358
125 99.2953 99.6437
126 99.2953 99.6437
127 99.2953 99.6437
128 99.3112 99.6437
129 99.2953 99.6437
130 99.2953 99.6437
131 99.2953 99.6437
132 99.2953 99.6437
133 99.2716 99.6437
134 99.2716 99.6437
135 99.2716 99.6437
136 99.2716 99.6437
137 99.2637 99.6516
138 99.2637 99.6437
139 99.2637 99.6595
140 99.2716 99.6595
141 99.2795 99.6516
142 99.2557 99.6516
143 99.2637 99.6516
144 99.2637 99.6516
145 99.2637 99.6516
146 99.2637 99.6437
147 99.2637 99.6437
148 99.2716 99.6437
149 99.2716 99.6595
150 99.2716 99.6595
151 99.2795 99.6595
152 99.2874 99.6595
153 99.2953 99.6595
154 99.2795 99.6595
155 99.2795 99.6595
156 99.2795 99.6595
157 99.2716 99.6595
158 99.2637 99.6595
159 99.2637 99.6595
160 99.2637 99.6595
161 99.2478 99.6595
162 99.2478 99.6595
163 99.2557 99.6595
164 99.2637 99.6675
165 99.2637 99.6675
166 99.2637 99.6675
167 99.2637 99.6595
168 99.2637 99.6595
169 99.2637 99.6595
170 99.2637 99.6595
171 99.2557 99.6675
172 99.2716 99.6675
173 99.2716 99.6675
174 99.2716 99.6675
175 99.2716 99.6675
176 99.2795 99.6675
177 99.2716 99.6754
178 99.2637 99.6675
179 99.2557 99.6675
180 99.2478 99.6675
181 99.2399 99.6675
182 99.2399 99.6675
183 99.2320 99.6675
184 99.2320 99.6675
185 99.2241 99.6675
186 99.2320 99.6675
187 99.2161 99.6675
188 99.2241 99.6675
189 99.2241 99.6675
190 99.2320 99.6754
191 99.2320 99.6754
192 99.2320 99.6754
193 99.2399 99.6754
194 99.2399 99.6754
195 99.2478 99.6754
196 99.2399 99.6754
197 99.2399 99.6754
198 99.2399 99.6754
199 99.2478 99.6754
200 99.2478 99.6833
201 99.2399 99.6833
202 99.2478 99.6833
203 99.2557 99.6833
204 99.2557 99.6754
205 99.2557 99.6754
206 99.2478 99.6675
207 99.2399 99.6675
208 99.2241 99.6675
209 99.2241 99.6675
210 99.2241 99.6675
211 99.2320 99.6675
212 99.2241 99.6675
213 99.2320 99.6675
214 99.2320 99.6675
215 99.2320 99.6675
216 99.2320 99.6675
217 99.2320 99.6754
218 99.2320 99.6754
219 99.2320 99.6754
220 99.2399 99.6754
221 99.2478 99.6754
222 99.2399 99.6754
223 99.2161 99.6833
224 99.2161 99.6833
225 99.2161 99.6833
226 99.1924 99.6991
227 99.2003 99.6991
228 99.1607 99.6991
229 99.1686 99.6991
230 99.1686 99.6991
231 99.1845 99.6991
232 99.1766 99.7070
233 99.1449 99.7070
234 99.1607 99.7070
235 99.1528 99.7070
236 99.1607 99.7070
237 99.1528 99.7070
238 99.1370 99.6991
239 99.1766 99.6991
240 99.1528 99.6991
241 99.1528 99.6991
242 99.1370 99.6991
243 99.1291 99.6991
244 99.1291 99.7070
245 99.1370 99.7070
246 99.1370 99.7070
247 99.1528 99.7070
248 99.1370 99.7150
249 99.1370 99.7150
250 99.1449 99.7150
251 99.1449 99.7070
252 99.1528 99.7150
253 99.1528 99.7229
254 99.1449 99.7229
255 99.1449 99.7229
256 99.1291 99.7150
257 99.1211 99.7150
258 99.1370 99.6991
259 99.1449 99.7150
260 99.1528 99.7150
261 99.1370 99.7150
262 99.1211 99.7070
263 99.1132 99.7070
264 99.1211 99.7070
265 99.1370 99.6991
266 99.1291 99.6991
267 99.1607 99.7150
268 99.1607 99.7150
269 99.1607 99.7150
270 99.1607 99.7150
271 99.1607 99.7150
272 99.1449 99.7150
273 99.1370 99.7150
274 99.1607 99.7150
275 99.1686 99.7150
276 99.1686 99.7308
277 99.2003 99.7625
278 99.1686 99.7783
279 99.1686 99.7625
280 99.1607 99.7704
281 99.1607 99.7704
282 99.1924 99.7546
283 99.1924 99.7466
284 99.1924 99.7387
285 99.1686 99.7466
286 99.1686 99.7308
287 99.1607 99.7466
288 99.1686 99.7546
289 99.1449 99.7546
290 99.1370 99.7546
291 99.1528 99.7546
292 99.1607 99.7546
293 99.1528 99.7625
294 99.1528 99.7625
295 99.1528 99.7625
296 99.1845 99.7625
297 99.1845 99.7704
298 99.1607 99.7783
299 99.1607 99.7783
300 99.1370 99.7862
301 99.1211 99.7941
302 99.1132 99.8021
303 99.1291 99.8021
304 99.1291 99.8021
305 99.1291 99.8021
306 99.1370 99.8021
307 99.1370 99.8100
308 99.1370 99.8100
309 99.1211 99.8337
310 99.1132 99.8337
311 99.1211 99.8337
312 99.1291 99.8337
313 99.1211 99.8416
314 99.1291 99.8416
315 99.1291 99.8416
316 99.1449 99.8575
317 99.1370 99.8575
318 99.1291 99.8575
319 99.1291 99.8575
320 99.1370 99.8416
321 99.1132 99.8575
322 99.1211 99.8575
323 99.1211 99.8575
324 99.1291 99.8575
325 99.1132 99.8654
326 99.1132 99.8575
327 99.1053 99.8496
328 99.0974 99.8575
329 99.0736 99.8654
330 99.0736 99.8654
331 99.0974 99.8654
332 99.0974 99.8654
333 99.0895 99.8575
334 99.0895 99.8496
335 99.0895 99.8496
336 99.1053 99.8575
337 99.0895 99.8496
338 99.1053 99.8654
339 99.1132 99.8654
340 99.0974 99.8654
341 99.0974 99.8496
342 99.0895 99.8496
343 99.0895 99.8654
344 99.0895 99.8654
345 99.1053 99.8654
346 99.0816 99.8575
347 99.0736 99.8575
348 99.0816 99.8575
349 99.0974 99.8416
350 99.0816 99.8416
351 99.1053 99.8416
352 99.0895 99.8416
353 99.0974 99.8496
354 99.1053 99.8496
355 99.0974 99.8496
356 99.0974 99.8654
357 99.0895 99.8575
358 99.0895 99.8496
359 99.0974 99.8496
360 99.0895 99.8496
361 99.0895 99.8496
362 99.0895 99.8416
363 99.0974 99.8416
364 99.0816 99.8496
365 99.0974 99.8496
366 99.0895 99.8496
367 99.0974 99.8496
368 99.1132 99.8575
369 99.1132 99.8733
370 99.0974 99.8892
371 99.0816 99.8971
372 99.0499 99.9050
373 99.0499 99.9050
374 99.0578 99.9050
375 99.0657 99.9050
376 99.0657 99.9050
377 99.0420 99.9129
378 99.0261 99.9129
379 99.0499 99.9208
380 99.0499 99.9129
381 99.0499 99.9208
382 99.0578 99.9208
383 99.0816 99.9208
384 99.0816 99.9208
385 99.0736 99.9129
386 99.0657 99.9129
387 99.0578 99.9208
388 99.0578 99.9208
389 99.0657 99.9208
390 99.0578 99.9208
391 99.0657 99.9208
392 99.0736 99.9208
393 99.0816 99.9208
394 99.0578 99.9287
395 99.0261 99.9287
396 99.0340 99.9367
397 99.0499 99.9287
398 99.0340 99.9367
399 99.0499 99.9446
400 99.0420 99.9446
401 99.0024 99.9287
402 98.9945 99.9367
403 98.9865 99.9367
404 98.9786 99.9367
405 99.0261 99.9287
406 98.9865 99.9367
407 99.0024 99.9367
408 98.9945 99.9367
409 99.0024 99.9367
410 98.9786 99.9287
411 99.0024 99.9287
412 98.9707 99.9287
413 98.9865 99.9129
414 99.0182 99.9287
415 99.0103 99.9287
416 99.0340 99.9208
417 99.0578 99.9208
418 99.0974 99.9208
419 99.0816 99.9208
420 99.0816 99.9208
421 99.0657 99.9208
422 99.0420 99.9208
423 99.0816 99.9208
424 99.0974 99.9208
425 99.1132 99.9208
426 99.0736 99.9208
427 99.0420 99.9208
428 99.0657 99.9208
429 99.0261 99.9208
430 99.0816 99.9208
431 99.1053 99.9208
432 99.0736 99.9208
433 99.0895 99.9208
434 99.0895 99.9208
435 99.0578 99.9208
436 99.0499 99.9208
437 99.0103 99.9208
438 99.0420 99.9208
439 99.0261 99.9287
440 99.0182 99.9287
441 99.0182 99.9367
442 98.9865 99.9367
443 98.9707 99.9367
444 99.0024 99.9367
445 99.0340 99.9367
446 98.9786 99.9367
447 98.9865 99.9367
448 98.9549 99.9208
449 99.0103 99.9287
450 99.0103 99.9287
451 99.0103 99.9367
452 98.9232 99.9367
453 98.8757 99.9525
454 98.9153 99.9446
455 98.8994 99.9446
456 98.8203 99.9604
457 98.7569 99.9762
458 98.6065 99.9762
459 98.5907 99.9683
460 98.5907 99.9683
461 98.7253 99.9604
462 98.7015 99.9604
463 98.7886 99.9367
464 98.7490 99.9367
465 98.7332 99.9367
466 98.7094 99.9129
467 98.6223 99.9287
468 98.6302 99.9287
469 98.8044 99.9208
470 98.6936 99.9208
471 98.7253 99.9287
472 98.7173 99.9129
473 98.6540 99.9050
474 98.5432 99.9287
475 98.5748 99.9287
476 98.5115 99.9208
477 98.4561 99.9208
478 98.2581 99.9208
479 98.2819 99.9208
480 98.2185 99.9129
481 98.0285 99.8892
482 97.9177 99.9287
483 97.8622 99.8892
484 97.8860 99.8733
485 97.6326 99.8812
486 97.3793 99.9287
487 97.1892 99.9446
488 96.9438 99.9604
489 96.7696 99.9683
490 95.1306 99.9683
491 93.3492 99.9842
492 93.5867 99.9921
493 93.0562 99.9921
494 94.0459 99.9921
495 95.2415 99.9762
496 95.0831 99.9842
497 93.5946 99.9842
498 92.8266 99.9842
499 93.9430 99.9762
500 88.8044 99.9762
501 81.9002 99.9762
502 81.1243 99.9604
503 76.2470 99.9683
504 71.3143 99.9762
505 62.3436 99.9762
506 46.1837 99.9842
507 35.8670 99.9921
508 28.2740 99.9921
509 22.7158 99.9842
510 12.3832 99.9842
511 9.4458 0.0000
